72.5			10.7136		0.2464	0.2491
70.5			2.3442		0.248889	0.249456
62			8.4708		0.249289	0.2484
76			6.1568		0.248122	0.249989
70.5			4.7254		0.249956	0.249456
76			3.767		0.249456	0.248122
78.5			3.4848		0.249822	0.2499
72.5			2.8192		0.248889	0.249722
79			7.1124		0.2484	0.249956
72			7.5384		0.249289	0.249289
69.5			4.8098		0.248122	0.249822
71			5.0246		0.249456	0.2499
73.5			6.9922		0.247156	0.249989
81			1.8096		0.249956	0.249822
74			8.3658		0.249989	0.245989
72			3.609		0.2491	0.2499
76			2.989		0.249289	0.249822
67			4.4662		0.249822	0.2484
71			8.8608		0.247156	0.249822
78			1.807		0.249822	0.2496
74.5			4.7978		0.244122	0.247822
73			1.6264		0.249289	0.2496
67.5			7.1268		0.247156	0.249989
77			3.591		0.249822	0.249956
77			4.4032		0.248122	0.249722
77			9.3292		0.2491	0.248122
71			1.708		0.2499	0.249989
64.5			3.2106		0.249822	0.249989
80			8.2758		0.2484	0.249289
77			8.1976		0.249989	0.245989
70			7.5028		0.2499	0.248122
76			6.1278		0.249989	0.248122
82.5			5.8466		0.248122	0.25
80			4.4044		0.249822	0.249822
79.5			3.413		0.247156	0.248656
74.5			3.9302		0.248122	0.2496
78.500000,0.249100,0.249289,1.378400
77.500000,0.249989,0.249600,4.078600
77.500000,0.249989,0.249600,4.078600
76.000000,0.249989,0.248122,6.876400
76.500000,0.248889,0.249900,5.829800
77.500000,0.247822,0.249900,8.056600
77.000000,0.247156,0.249822,8.220000
79.500000,0.249822,0.248122,7.778000
82.500000,0.250000,0.249456,4.348400
83.000000,0.248656,0.249100,2.065600
77.000000,0.248889,0.249600,7.530400
73.000000,0.249100,0.249900,5.959400
74.000000,0.249900,0.249456,2.612200
75.000000,0.248889,0.250000,5.289600
72.000000,0.249289,0.249822,6.207600
69.000000,0.248122,0.249989,6.311400
71.500000,0.249600,0.249456,1.174200
69.500000,0.249722,0.249822,4.670800
78.500000,0.248656,0.249822,7.330400
68.500000,0.249822,0.249722,4.809600
75.000000,0.249722,0.248122,4.407600
67.000000,0.247822,0.250000,6.307000
80.000000,0.249956,0.249600,4.508200
76.000000,0.249456,0.246789,9.185400
78.000000,0.250000,0.248889,5.454800
73.500000,0.249822,0.249900,1.339000
82.500000,0.250000,0.249100,5.109000
76.000000,0.249722,0.249100,6.440200
85.000000,0.248889,0.249822,6.588000
74.000000,0.249956,0.247822,6.218800
74.000000,0.249989,0.247500,5.673200
